100 100
1 29 0
2 95 0
3 12 1
3 55 1
3 81 0
3 85 1
3 90 1
4 40 0
4 43 1
5 19 1
5 36 0
5 54 0
6 23 0
6 50 0
6 61 1
7 12 1
7 90 0
8 40 0
8 93 1
9 65 1
10 83 0
10 97 0
11 24 0
11 61 0
12 56 0
12 82 0
12 90 0
13 20 1
13 47 0
14 18 1
14 37 1
14 58 1
14 73 0
14 77 0
14 98 0
16 26 1
17 32 1
18 60 0
18 67 1
19 55 0
19 82 0
19 90 1
21 75 0
23 51 0
23 63 0
23 69 1
23 99 1
24 55 0
25 35 0
25 59 0
25 74 0
26 65 1
26 84 1
28 29 0
29 44 0
30 45 1
30 65 1
31 41 0
31 53 1
31 59 0
31 72 0
31 100 0
32 38 1
32 56 1
33 75 0
33 85 1
35 82 0
35 83 0
36 79 0
37 99 1
39 53 1
39 83 1
39 95 1
40 92 1
40 100 1
41 76 0
41 96 0
42 51 1
46 90 1
50 91 1
54 64 0
58 93 0
59 87 0
59 90 0
61 81 0
63 80 0
64 66 0
64 91 1
65 78 0
67 100 1
68 84 1
70 72 1
73 74 1
78 79 0
80 94 1
86 97 0
87 98 1
89 92 0
93 96 1
94 100 0